      0/99     8.81G   0.06899   0.04124   0.04837    0.1586        37      1024    0.2021   0.04294   0.01892   0.00533   0.08686   0.06712   0.04832
      1/99     8.67G   0.05577   0.03342   0.03822    0.1274        56      1024    0.2585    0.1084   0.04093   0.01069   0.08862    0.0541   0.04252
      2/99     10.7G   0.05481    0.0308   0.03518    0.1208        98      1024    0.5084    0.2033   0.09774   0.03165   0.07507    0.0595   0.03979
      3/99     10.7G   0.05209   0.03176   0.03172    0.1156        55      1024    0.7177    0.1452    0.1368   0.04074   0.07664   0.05676   0.03607
      4/99     10.7G   0.04909   0.03213   0.02947    0.1107        47      1024     0.686    0.1858    0.1441   0.05129   0.06651   0.05746   0.03372
      5/99     10.8G   0.04232   0.03478   0.02553    0.1026       123      1024    0.7462     0.255    0.2455    0.1119   0.05885   0.05419   0.03128
      6/99     10.8G   0.03637   0.03389    0.0217   0.09195        44      1024     0.764    0.3018    0.3083    0.1497   0.05312   0.05547   0.02944
      7/99     10.8G   0.03411   0.03329   0.01879   0.08618        82      1024    0.7928    0.3371    0.3411    0.1904   0.04866   0.06057   0.02782
      8/99     10.8G   0.03369   0.03342   0.01616   0.08327        74      1024    0.8006    0.3757    0.3836    0.2229   0.04846   0.06021   0.02682
      9/99     10.8G   0.03243   0.03153   0.01351   0.07747        89      1024    0.7436    0.4366    0.4162    0.2379   0.04778   0.06099   0.02639
     10/99     10.8G   0.03265   0.03149   0.01271   0.07685        54      1024    0.7931    0.4289    0.4773    0.2858    0.0471   0.06445    0.0257
     11/99     10.8G   0.03253   0.03057   0.01129   0.07439        92      1024    0.7956    0.4536    0.5088    0.3024    0.0475   0.06559   0.02485
     12/99     10.8G   0.03216   0.02933   0.01005   0.07154        73      1024    0.7483    0.5245    0.5252    0.3134   0.04942   0.06263     0.024
     13/99     10.8G   0.03149   0.02817  0.009099   0.06876        50      1024    0.8084    0.4986    0.5343    0.3235    0.0492   0.06529   0.02392
     14/99     10.8G   0.03171   0.02918  0.009755   0.07065        71      1024    0.8368    0.5361    0.5847    0.3586   0.05123   0.06545   0.02331
     15/99     10.8G   0.03082   0.02834  0.008855   0.06802       104      1024    0.8257    0.5575    0.5908    0.3647   0.05139   0.06518   0.02285
     16/99     10.8G   0.03111   0.02808  0.007979   0.06717        62      1024    0.8695    0.5434    0.6084     0.369   0.05094   0.06721   0.02215
     17/99     10.8G   0.03043   0.02746  0.007651   0.06554        71      1024    0.9004    0.5529    0.6403    0.4039   0.04998   0.06835    0.0217
     18/99     10.8G   0.03011   0.02671  0.006845   0.06366        63      1024    0.8786    0.5793     0.666    0.4246   0.04987   0.06875    0.0214
     19/99     10.8G   0.03008   0.02641  0.006577   0.06307        68      1024    0.6396    0.7293    0.7138    0.4582   0.04972   0.07199   0.02109
     20/99     10.8G   0.03009   0.02695  0.006566   0.06361        93      1024    0.7698    0.6733    0.7289    0.4558   0.04955    0.0714   0.02048
     21/99     10.8G   0.02984   0.02608  0.006326   0.06224        63      1024    0.8529    0.7002    0.7751    0.5091    0.0483   0.07574   0.02026
     22/99     10.8G   0.02967   0.02715  0.005823   0.06264        95      1024    0.8607    0.7099    0.7693    0.4983   0.04889   0.07346   0.02011
     23/99     10.8G   0.02904   0.02605  0.006255   0.06134        63      1024    0.7967    0.7384    0.7674    0.4881   0.04881   0.07428   0.02026
     24/99     10.8G   0.02992   0.02567  0.005469   0.06106       116      1024    0.8097    0.7313    0.8044    0.5215    0.0493   0.07566   0.02003
     25/99     10.8G   0.02884   0.02625  0.005506   0.06059        49      1024    0.8477    0.7717    0.7862    0.5035   0.04936   0.07332   0.02008
     26/99     10.8G   0.02952   0.02534  0.005387   0.06024        78      1024    0.8283    0.7811     0.801    0.5292   0.04881   0.07555   0.01948
     27/99     10.8G   0.02866   0.02558  0.005732   0.05998       122      1024     0.884    0.7724    0.7989    0.5091   0.05132   0.07283   0.01929
     28/99     8.77G   0.02969   0.02517  0.005658   0.06052        37      1024    0.8332    0.7907     0.808    0.5261   0.04937   0.07537   0.01907
     29/99     8.67G   0.02882   0.02412  0.004841   0.05778        56      1024    0.8816    0.7713    0.8182    0.5272   0.05121   0.07234    0.0195
     30/99     10.7G   0.02795   0.02493   0.00472    0.0576        98      1024    0.9057    0.7928    0.8308    0.5385   0.05201   0.07381     0.019
     31/99     10.8G   0.02826   0.02479  0.005128   0.05818        55      1024    0.8763    0.7927    0.8257    0.5473   0.05021   0.07573   0.01881
     32/99     10.8G   0.02783   0.02422  0.004762   0.05682        47      1024    0.8747    0.8123    0.8449    0.5549    0.0501   0.07408   0.01883
     33/99     10.8G   0.02818   0.02538  0.004591   0.05815       123      1024    0.8937    0.8028    0.8469    0.5551   0.05096   0.07443   0.01889
     34/99     10.8G   0.02748   0.02403  0.004765   0.05627        44      1024    0.9055    0.7891    0.8508    0.5656   0.05084   0.07403   0.01898
     35/99     10.8G   0.02773   0.02388  0.004892    0.0565        82      1024    0.8692    0.8153    0.8364    0.5538   0.05029   0.07697   0.01867
     36/99     10.8G   0.02703   0.02445  0.004483   0.05597        74      1024    0.9054     0.806    0.8469    0.5588   0.04919   0.07661   0.01817
     37/99     10.8G   0.02726    0.0236  0.004212   0.05507        89      1024    0.8899    0.7839    0.8393    0.5496   0.04853   0.07635   0.01826
     38/99     10.8G   0.02641   0.02454  0.004268   0.05522        54      1024    0.9081    0.7815    0.8245    0.5478   0.04967   0.07718    0.0184
     39/99     10.8G   0.02671   0.02427  0.004304   0.05529        92      1024    0.8463    0.8238    0.8442    0.5555   0.04947    0.0771   0.01819
     40/99     10.8G    0.0265   0.02383  0.003997   0.05433        73      1024    0.8991    0.7964    0.8326    0.5608   0.04932     0.076   0.01767
     41/99     10.8G   0.02648   0.02303  0.003748   0.05326        50      1024    0.8845     0.804    0.8576    0.5606   0.04912   0.07722   0.01805
     42/99     10.8G   0.02628   0.02461  0.004671   0.05555        71      1024    0.8657    0.8465    0.8528    0.5744   0.05002   0.07777   0.01748
     43/99     10.8G   0.02615   0.02428   0.00421   0.05464       104      1024    0.8748    0.8203    0.8389    0.5681   0.05054   0.07866   0.01745
     44/99     10.8G   0.02556   0.02416  0.003882    0.0536        62      1024    0.8464    0.8481    0.8596    0.5593   0.04866   0.07919   0.01753
     45/99     10.8G   0.02558   0.02343  0.003857   0.05286        71      1024    0.8291    0.8728      0.87    0.5685   0.04894   0.08104   0.01762
     46/99     10.8G   0.02551   0.02324  0.003477   0.05223        63      1024    0.8548     0.864    0.8619    0.5742   0.04963   0.07823   0.01724
     47/99     10.8G   0.02523   0.02298  0.003512   0.05173        68      1024    0.8188     0.883    0.8624    0.5743   0.05029   0.07989    0.0173
     48/99     10.8G   0.02513   0.02366  0.003528   0.05232        93      1024    0.8797    0.8453    0.8609    0.5784   0.05039   0.07978   0.01714
     49/99     10.8G   0.02554   0.02323  0.003867   0.05263        63      1024    0.8894    0.8475    0.8568    0.5604   0.04967   0.08092   0.01715
     50/99     10.8G   0.02474   0.02411  0.003465   0.05231        95      1024     0.884    0.8403    0.8546    0.5692   0.04864   0.08284   0.01715
     51/99     10.8G   0.02459   0.02333  0.003695   0.05162        63      1024     0.866    0.8554     0.865    0.5841   0.04835   0.08127     0.017
     52/99     10.8G   0.02454   0.02301  0.003206   0.05076       116      1024    0.8816    0.8455    0.8749    0.5859   0.04843   0.08193   0.01728
     53/99     10.8G   0.02414   0.02345  0.003353   0.05094        49      1024    0.8663    0.8627    0.8736    0.5747   0.04786   0.08252   0.01691
     54/99     10.8G   0.02449   0.02292  0.003447   0.05085        78      1024    0.8912    0.8447    0.8723     0.588   0.04836    0.0822   0.01695
     55/99     10.8G    0.0241   0.02319  0.003725   0.05101       122      1024    0.8825    0.8433    0.8674    0.5765   0.04938   0.08045   0.01705
     56/99     10.9G   0.02417   0.02285    0.0039   0.05092        70      1024    0.8682    0.8546    0.8692    0.5842   0.04912   0.08065    0.0171
     57/99     10.9G   0.02485   0.02333  0.004053   0.05224        56      1024    0.8683    0.8394    0.8722    0.5713   0.04888   0.08064   0.01704
     58/99     8.48G   0.02394   0.02328  0.003873   0.05109        37      1024    0.8486    0.8382    0.8401    0.5665   0.04878   0.08143    0.0166
     59/99     8.67G   0.02364   0.02192  0.003358   0.04892        56      1024    0.8685    0.8255    0.8506    0.5624   0.04928    0.0817   0.01685
     60/99     10.7G   0.02342   0.02251  0.003243   0.04917        98      1024    0.8791     0.823    0.8488    0.5786    0.0495   0.08232   0.01705
     61/99     10.8G   0.02326   0.02285  0.003574   0.04969        55      1024    0.8529    0.8606    0.8638    0.5845   0.04827   0.08315   0.01663
     62/99     10.8G   0.02309    0.0222  0.003341   0.04863        47      1024    0.8971    0.8405    0.8695     0.587   0.04877   0.08504   0.01693
     63/99     10.8G   0.02263   0.02338  0.003138   0.04915       123      1024    0.8616    0.8486    0.8612    0.5769   0.04874   0.08459   0.01667
     64/99     10.8G   0.02276   0.02194  0.003279   0.04798        44      1024    0.8672    0.8399    0.8543    0.5739   0.04877    0.0827   0.01675
     65/99     10.8G   0.02285    0.0219  0.003588   0.04834        82      1024    0.8877    0.8403    0.8602     0.567   0.04891     0.086   0.01659
     66/99     10.8G   0.02202   0.02209  0.003147   0.04726        74      1024    0.8825    0.8519    0.8704    0.5785    0.0492   0.08535   0.01657
     67/99     10.8G   0.02195   0.02163  0.003065   0.04665        89      1024    0.8889    0.8535    0.8708    0.5844   0.04945   0.08402   0.01655
     68/99     10.8G   0.02178   0.02252  0.003127   0.04743        54      1024    0.8922    0.8515    0.8739    0.5865   0.04823   0.08519   0.01643
     69/99     10.8G    0.0217   0.02224  0.003132   0.04707        92      1024    0.8791    0.8563    0.8836    0.5928   0.04907   0.08448   0.01658
     70/99     10.8G   0.02175   0.02183  0.002973   0.04656        73      1024    0.8511    0.8675    0.8663    0.5733   0.04833   0.08585   0.01617
     71/99     10.8G   0.02159   0.02095  0.002819   0.04535        50      1024    0.8793    0.8596    0.8705     0.577   0.04783   0.08645    0.0162
     72/99     10.8G   0.02155   0.02265    0.0036   0.04781        71      1024    0.8782    0.8246    0.8563    0.5697   0.04725   0.08845   0.01614
     73/99     10.8G   0.02132   0.02238  0.003289   0.04699       104      1024     0.873    0.8449    0.8607    0.5796   0.04728   0.08804   0.01616
     74/99     10.8G   0.02077     0.022   0.00307   0.04585        62      1024    0.8605    0.8427     0.863    0.5739   0.04765   0.08864   0.01637
     75/99     10.8G   0.02104   0.02141  0.002964   0.04541        71      1024    0.8791    0.8522    0.8632    0.5755   0.04803   0.08984   0.01637
     76/99     10.8G   0.02081   0.02135  0.002624   0.04478        63      1024    0.8721    0.8315    0.8447    0.5693   0.04678   0.09003   0.01609
     77/99     10.8G   0.02067   0.02114  0.002727   0.04454        68      1024     0.867    0.8418    0.8513    0.5748    0.0469   0.09103   0.01609
     78/99     10.8G   0.02053   0.02186  0.002861   0.04525        93      1024    0.8831    0.8492     0.866    0.5739   0.04718   0.09039   0.01627
     79/99     10.8G   0.02076   0.02163  0.003054   0.04544        63      1024    0.8871     0.847    0.8628    0.5687   0.04716   0.09071   0.01627
     80/99     10.8G   0.02009   0.02197  0.002668   0.04473        95      1024    0.8877    0.8313    0.8578    0.5627   0.04736   0.09092   0.01625
     81/99     10.8G   0.02013   0.02115  0.002846   0.04413        63      1024    0.8919    0.8265    0.8562    0.5654    0.0469   0.09179   0.01604
     82/99     10.8G   0.02005   0.02096  0.002367   0.04338       116      1024    0.8851    0.8417    0.8569    0.5697   0.04715    0.0911    0.0162
     83/99     10.8G   0.01978   0.02125  0.002584   0.04361        49      1024     0.893    0.8302    0.8525    0.5725   0.04619   0.09127   0.01609
     84/99     10.8G   0.01987   0.02098  0.002608   0.04346        78      1024    0.8978    0.8176    0.8601     0.566   0.04675   0.09394   0.01615
     85/99     10.8G   0.01989   0.02119  0.002862   0.04394       122      1024    0.9065     0.823    0.8686    0.5766   0.04664   0.09229   0.01614
     86/99     10.8G   0.01951   0.02052  0.002706   0.04273        70      1024    0.8967    0.8356    0.8643    0.5675    0.0473   0.09247   0.01632
     87/99     10.8G   0.02017   0.02097  0.002907   0.04404        56      1024    0.8494     0.859    0.8719     0.575   0.04737   0.09321   0.01627
     88/99     10.8G   0.02047   0.02167  0.002801   0.04494        84      1024    0.8839    0.8491    0.8735    0.5723   0.04624   0.09294   0.01625
     89/99     10.8G   0.02091   0.02232  0.003243   0.04647        68      1024    0.8813    0.8539    0.8692    0.5803   0.04599   0.09164   0.01607
     90/99     10.8G    0.0209   0.02182  0.003032   0.04574        33      1024    0.8803    0.8529    0.8643    0.5725    0.0459   0.09216   0.01599
     91/99     10.8G    0.0207   0.02163  0.003098   0.04543        49      1024    0.8909    0.8193    0.8625    0.5824   0.04597   0.09361   0.01593
     92/99     10.8G    0.0208   0.02283  0.003456   0.04709        97      1024    0.8741    0.8557    0.8651    0.5741   0.04618   0.09344   0.01592
     93/99     10.8G   0.02044    0.0222  0.003005   0.04564        71      1024      0.89    0.8527    0.8712    0.5832   0.04575   0.09164   0.01599
     94/99     10.8G    0.0204   0.02225  0.003297   0.04594        75      1024    0.8956    0.8442    0.8691    0.5774    0.0462   0.09299   0.01613
     95/99     10.8G   0.02018    0.0218  0.002944   0.04492        58      1024    0.9023    0.8438    0.8709    0.5828   0.04552    0.0923   0.01605
     96/99     10.8G   0.02005   0.02236   0.00311   0.04552        72      1024     0.887    0.8512    0.8713    0.5802   0.04616   0.09286   0.01599
     97/99     10.8G   0.02034    0.0213  0.003291   0.04493        25      1024    0.9049    0.8333    0.8672     0.578   0.04617   0.09422   0.01599
     98/99     10.8G   0.02014    0.0222   0.00257   0.04491        29      1024    0.8957    0.8481    0.8726    0.5776    0.0457   0.09277   0.01601
     99/99     10.8G   0.02007   0.02181  0.003081   0.04496       106      1024    0.8937    0.8445    0.8756    0.5801   0.04622   0.09445   0.01606
