
Note: No compatibility mode selected!


Circuit: * audit tecnico b03: sweep dc delle soglie del monitor a tre led.

Doing analysis at TEMP = 27.000000 and TNOM = 27.000000

Using SPARSE 1.3 as Direct Linear Solver

No. of Data Rows : 51
       * audit tecnico b03: sweep dc delle soglie del monitor a tre led.
       DC transfer characteristic  Mon Jul 20 10:27:07  2026
--------------------------------------------------------------------------------
Index   v-sweep         v(n002)         @dled12_1[id]   @dled12_2[id]   
--------------------------------------------------------------------------------
0	1.000000e+01	1.000000e+01	8.238062e-03	7.558823e-05	
1	1.010000e+01	1.010000e+01	8.336467e-03	7.656835e-05	
2	1.020000e+01	1.020000e+01	8.434878e-03	7.754859e-05	
3	1.030000e+01	1.030000e+01	8.533295e-03	7.852894e-05	
4	1.040000e+01	1.040000e+01	8.631718e-03	7.950941e-05	
5	1.050000e+01	1.050000e+01	8.730146e-03	8.049000e-05	
6	1.060000e+01	1.060000e+01	8.828580e-03	8.147068e-05	
7	1.070000e+01	1.070000e+01	8.927019e-03	8.245148e-05	
8	1.080000e+01	1.080000e+01	9.025464e-03	8.343238e-05	
9	1.090000e+01	1.090000e+01	9.123914e-03	8.441337e-05	
10	1.100000e+01	1.100000e+01	9.222369e-03	8.539447e-05	
11	1.110000e+01	1.110000e+01	9.320828e-03	8.637569e-05	
12	1.120000e+01	1.120000e+01	9.419293e-03	8.735739e-05	
13	1.130000e+01	1.130000e+01	9.517763e-03	8.834639e-05	
14	1.140000e+01	1.140000e+01	9.616236e-03	8.948452e-05	
15	1.150000e+01	1.150000e+01	9.714685e-03	9.403234e-05	
16	1.160000e+01	1.160000e+01	9.812523e-03	2.043487e-04	
17	1.170000e+01	1.170000e+01	9.903447e-03	1.312441e-03	
18	1.180000e+01	1.180000e+01	9.923991e-03	4.587976e-03	
19	1.190000e+01	1.190000e+01	2.343143e-03	8.411186e-03	
20	1.200000e+01	1.200000e+01	2.288808e-11	9.941624e-03	
21	1.210000e+01	1.210000e+01	2.305243e-11	1.006491e-02	
22	1.220000e+01	1.220000e+01	2.324998e-11	1.017567e-02	
23	1.230000e+01	1.230000e+01	2.345115e-11	1.028232e-02	
24	1.240000e+01	1.240000e+01	2.365292e-11	1.038694e-02	
25	1.250000e+01	1.250000e+01	2.385469e-11	1.049028e-02	
26	1.260000e+01	1.260000e+01	2.405629e-11	1.059279e-02	
27	1.270000e+01	1.270000e+01	2.425770e-11	1.069470e-02	
28	1.280000e+01	1.280000e+01	2.445892e-11	1.079616e-02	
29	1.290000e+01	1.290000e+01	2.465998e-11	1.089727e-02	
30	1.300000e+01	1.300000e+01	2.486089e-11	1.099810e-02	
31	1.310000e+01	1.310000e+01	2.506166e-11	1.109871e-02	
32	1.320000e+01	1.320000e+01	2.526232e-11	1.119912e-02	
33	1.330000e+01	1.330000e+01	2.546288e-11	1.129937e-02	
34	1.340000e+01	1.340000e+01	2.566334e-11	1.139948e-02	
35	1.350000e+01	1.350000e+01	2.586373e-11	1.149948e-02	
36	1.360000e+01	1.360000e+01	2.606404e-11	1.159937e-02	
37	1.370000e+01	1.370000e+01	2.626429e-11	1.169918e-02	
38	1.380000e+01	1.380000e+01	2.646448e-11	1.179890e-02	
39	1.390000e+01	1.390000e+01	2.666463e-11	1.189855e-02	
40	1.400000e+01	1.400000e+01	2.686464e-11	9.490914e-03	
41	1.410000e+01	1.410000e+01	2.706534e-11	6.261893e-03	
42	1.420000e+01	1.420000e+01	2.726438e-11	2.016339e-03	
43	1.430000e+01	1.430000e+01	2.746290e-11	1.635133e-09	
44	1.440000e+01	1.440000e+01	2.766272e-11	4.136225e-10	
45	1.450000e+01	1.450000e+01	2.786338e-11	3.150713e-10	
46	1.460000e+01	1.460000e+01	2.806326e-11	2.707573e-10	
47	1.470000e+01	1.470000e+01	2.826313e-11	2.390313e-10	
48	1.480000e+01	1.480000e+01	2.846298e-11	2.178588e-10	
49	1.490000e+01	1.490000e+01	2.866280e-11	2.019059e-10	
50	1.500000e+01	1.500000e+01	2.886261e-11	1.895929e-10	

       * audit tecnico b03: sweep dc delle soglie del monitor a tre led.
       DC transfer characteristic  Mon Jul 20 10:27:07  2026
--------------------------------------------------------------------------------
Index   v-sweep         @dled12_3[id]   @qnpn_transisto @qnpn_transisto 
--------------------------------------------------------------------------------
0	1.000000e+01	6.016273e-09	8.388589e-12	-8.83538e-12	
1	1.010000e+01	6.016333e-09	8.485614e-12	-8.93538e-12	
2	1.020000e+01	6.016532e-09	8.581369e-12	-9.03538e-12	
3	1.030000e+01	6.016732e-09	8.674759e-12	-9.13538e-12	
4	1.040000e+01	6.016931e-09	8.764031e-12	-9.23538e-12	
5	1.050000e+01	6.017130e-09	8.846912e-12	-9.33538e-12	
6	1.060000e+01	6.017330e-09	8.921463e-12	-9.43537e-12	
7	1.070000e+01	6.017529e-09	8.988475e-12	-9.53537e-12	
8	1.080000e+01	6.017729e-09	9.063220e-12	-9.63537e-12	
9	1.090000e+01	6.017929e-09	9.286652e-12	-9.73537e-12	
10	1.100000e+01	6.018128e-09	1.127645e-11	-9.83537e-12	
11	1.110000e+01	6.018327e-09	3.766464e-11	-9.93537e-12	
12	1.120000e+01	6.018527e-09	4.597774e-10	-1.00354e-11	
13	1.130000e+01	6.018726e-09	8.215433e-09	-1.01354e-11	
14	1.140000e+01	6.018926e-09	1.674788e-07	-1.02353e-11	
15	1.150000e+01	6.019123e-09	3.742272e-06	-1.03353e-11	
16	1.160000e+01	6.019282e-09	8.649380e-05	-1.04353e-11	
17	1.170000e+01	6.019375e-09	1.212748e-03	-1.05351e-11	
18	1.180000e+01	6.019477e-09	4.542136e-03	-1.06349e-11	
19	1.190000e+01	6.019607e-09	8.402842e-03	-1.07344e-11	
20	1.200000e+01	6.019782e-09	9.941573e-03	-1.08335e-11	
21	1.210000e+01	6.019978e-09	1.006489e-02	-1.09318e-11	
22	1.220000e+01	6.020173e-09	1.017565e-02	-1.10288e-11	
23	1.230000e+01	6.020366e-09	1.028232e-02	-1.11230e-11	
24	1.240000e+01	6.020553e-09	1.038681e-02	-1.12117e-11	
25	1.250000e+01	6.020734e-09	1.049021e-02	-1.12942e-11	
26	1.260000e+01	6.020907e-09	1.059275e-02	-1.13685e-11	
27	1.270000e+01	6.021074e-09	1.069467e-02	-1.14372e-11	
28	1.280000e+01	6.021262e-09	1.079614e-02	-1.15267e-11	
29	1.290000e+01	6.021715e-09	1.089726e-02	-1.18841e-11	
30	1.300000e+01	6.025303e-09	1.099809e-02	-1.53959e-11	
31	1.310000e+01	6.072649e-09	1.109869e-02	-6.27329e-11	
32	1.320000e+01	6.861210e-09	1.119911e-02	-8.21689e-10	
33	1.330000e+01	2.077627e-08	1.129936e-02	-1.47196e-08	
34	1.340000e+01	3.102553e-07	1.139948e-02	-2.97790e-07	
35	1.350000e+01	6.648753e-06	1.149947e-02	-6.57761e-06	
36	1.360000e+01	1.462316e-04	1.159936e-02	-1.46269e-04	
37	1.370000e+01	1.669903e-03	1.169917e-02	-1.66851e-03	
38	1.380000e+01	5.311380e-03	1.179889e-02	-5.29916e-03	
39	1.390000e+01	9.376146e-03	1.189854e-02	-9.33789e-03	
40	1.400000e+01	1.075242e-02	1.203524e-02	-1.32968e-02	
41	1.410000e+01	1.097094e-02	1.219737e-02	-1.83122e-02	
42	1.420000e+01	1.116879e-02	1.239381e-02	-2.17689e-02	
43	1.430000e+01	1.201272e-02	1.323648e-02	-2.52485e-02	
44	1.440000e+01	1.218223e-02	1.340834e-02	-2.55792e-02	
45	1.450000e+01	1.229575e-02	1.352298e-02	-2.58084e-02	
46	1.460000e+01	1.240249e-02	1.363158e-02	-2.60288e-02	
47	1.470000e+01	1.250791e-02	1.373876e-02	-2.62416e-02	
48	1.480000e+01	1.261169e-02	1.384426e-02	-2.64523e-02	
49	1.490000e+01	1.271461e-02	1.394886e-02	-2.66604e-02	
50	1.500000e+01	1.281687e-02	1.405276e-02	-2.68670e-02	


Total analysis time (seconds) = 0.0065136

Total elapsed time (seconds) = 0.045 

Total DRAM available = 32239.535 MB.
DRAM currently available = 16396.535 MB.
Maximum ngspice program size =   15.113 MB.
Current ngspice program size =   15.113 MB.

