      0/99     8.89G   0.06736   0.04275   0.04935    0.1595        37      1024     0.198   0.03229   0.01027  0.002636    0.0867   0.06797    0.0488
      1/99     8.56G   0.05551    0.0356   0.03953    0.1306        50      1024    0.9202   0.03391   0.03602  0.009496   0.08394   0.05652   0.04345
      2/99     10.6G    0.0565   0.03251   0.03664    0.1257        89      1024    0.2843    0.2019   0.08463    0.0259   0.08244   0.05531   0.03996
      3/99     10.7G   0.05143    0.0337   0.03252    0.1176        48      1024    0.5115    0.1855    0.1064   0.03506   0.07151   0.05629    0.0366
      4/99     10.7G   0.05146   0.03153   0.03087    0.1139        42      1024    0.7515    0.1755    0.1658   0.05716    0.0718   0.05447   0.03483
      5/99     10.7G   0.04269   0.03607   0.02903    0.1078       113      1024    0.7491    0.2454    0.2097   0.09439   0.05221   0.05562   0.03215
      6/99     10.7G   0.03797   0.03588   0.02623    0.1001        36      1024    0.8023    0.2273    0.2374    0.1116   0.04858   0.05679   0.03012
      7/99     10.7G   0.03566   0.03597   0.02347    0.0951        80      1024    0.7581    0.2859    0.2665    0.1455   0.04342   0.06026   0.02872
      8/99     10.7G   0.03485   0.03692   0.02083    0.0926        72      1024     0.759    0.3241    0.3002    0.1624   0.04119   0.06106   0.02742
      9/99     10.7G   0.03318   0.03537   0.01831   0.08686        81      1024    0.7782    0.3332    0.3257    0.1768   0.03917   0.06177   0.02688
     10/99     10.7G   0.03211    0.0359   0.01759   0.08559        47      1024    0.8068    0.3404    0.3389    0.1933   0.03978   0.06258   0.02553
     11/99     10.7G   0.03211   0.03515   0.01618   0.08345        86      1024    0.7351    0.3883    0.3711    0.2091   0.04146   0.06201   0.02492
     12/99     10.7G   0.03231   0.03323   0.01436    0.0799        72      1024    0.8286    0.3511    0.4094    0.2312    0.0421    0.0596    0.0238
     13/99     10.7G    0.0308   0.03213   0.01361   0.07654        48      1024     0.777    0.3803    0.4332     0.256   0.03964     0.064    0.0236
     14/99     10.7G   0.03084   0.03311   0.01335   0.07729        65      1024    0.8271    0.4049    0.4918    0.2947   0.04102   0.06416   0.02271
     15/99     10.7G   0.03063   0.03182   0.01242   0.07486       101      1024    0.7665    0.4727    0.5286    0.3247   0.04114   0.06559   0.02174
     16/99     10.7G   0.03044   0.03225   0.01186   0.07456        56      1024    0.7899    0.4757    0.5602    0.3459   0.04226   0.06427   0.02139
     17/99     10.7G   0.03025   0.03137   0.01135   0.07297        66      1024    0.7933     0.508    0.5713    0.3405   0.04146   0.06565   0.02069
     18/99     10.7G   0.03008   0.03063   0.01029     0.071        56      1024    0.7796     0.553    0.5975    0.3669   0.04033    0.0686   0.02034
     19/99     10.7G   0.02992   0.02971  0.009832   0.06946        67      1024    0.8715    0.5135    0.6146    0.3673   0.04245   0.06504   0.01989
     20/99     10.7G   0.03031   0.03057  0.009769   0.07065        81      1024    0.7043    0.6642    0.6294    0.3841   0.04163   0.06806   0.01895
     21/99     10.7G   0.03003   0.02948   0.00938   0.06889        63      1024    0.7442    0.6419    0.6444    0.4059   0.03922   0.07229   0.01887
     22/99     10.7G   0.02908   0.03044  0.008624   0.06815        96      1024    0.7874    0.6511    0.7032    0.4301   0.04053   0.06937   0.01832
     23/99     10.7G   0.02913   0.02911  0.008608   0.06685        63      1024     0.848    0.6375    0.7037    0.4455   0.03986   0.07451   0.01787
     24/99     10.7G   0.02899   0.02904  0.007712   0.06574       117      1024    0.8688    0.6402    0.7111    0.4463   0.04152     0.073   0.01744
     25/99     10.7G   0.02818   0.02945    0.0077   0.06533        54      1024    0.8637    0.6707    0.7335    0.4675   0.04031    0.0708   0.01685
     26/99     10.7G   0.02867    0.0283  0.007403   0.06437        65      1024    0.7036    0.7191    0.7178    0.4532    0.0402   0.07414   0.01663
     27/99     10.7G    0.0286   0.02816  0.007327    0.0641       118      1024    0.8487    0.6924    0.7199    0.4662   0.04106   0.07255   0.01693
     28/99     10.7G   0.02832   0.02759  0.006999   0.06292        62      1024    0.8632    0.6709    0.7534    0.4648   0.04302   0.07267    0.0163
     29/99     10.7G    0.0284   0.02797  0.007365   0.06374        43      1024    0.8098    0.7328    0.7605    0.4992   0.03974   0.07437   0.01565
     30/99     10.7G   0.02739   0.02837  0.006418   0.06218        77      1024    0.8661    0.7148    0.7678    0.5035   0.04042   0.07671   0.01557
     31/99     10.7G    0.0278   0.02784  0.006665    0.0623        58      1024    0.8615    0.6949    0.7596     0.479   0.04234    0.0745    0.0163
     32/99     10.7G   0.02804   0.02828  0.006681     0.063        29      1024    0.7847     0.749    0.7676    0.5073   0.04205   0.07482    0.0155
     33/99     10.7G   0.02703   0.02755  0.006232   0.06081        48      1024    0.7891    0.7632    0.7829    0.5158   0.03932   0.07617   0.01475
     34/99     10.7G   0.02708   0.02803  0.006539   0.06166        88      1024    0.8332    0.7275    0.7733    0.5154   0.03937   0.07741   0.01516
     35/99     10.7G   0.02699   0.02809  0.006123    0.0612        69      1024    0.8951    0.7484    0.7894    0.5225   0.04033   0.07749   0.01508
     36/99     10.7G   0.02691   0.02724  0.006322   0.06047        74      1024    0.8497    0.7789    0.8052    0.5193   0.03997   0.07831   0.01473
     37/99     10.7G   0.02649    0.0271  0.005987   0.05958        51      1024    0.7961    0.8313    0.8142    0.5383   0.03946    0.0784   0.01459
     38/99     8.89G   0.02704   0.02681  0.006173   0.06003        37      1024    0.8548    0.7839    0.8024    0.5365   0.04024   0.07721   0.01417
     39/99     8.67G   0.02682   0.02563  0.005504   0.05795        50      1024     0.853    0.8009    0.8069    0.5254   0.03962   0.07855   0.01438
     40/99     10.7G   0.02654   0.02646  0.005459   0.05846        89      1024     0.833    0.7773    0.8206    0.5367   0.04065   0.08023   0.01435
     41/99     10.8G    0.0265   0.02619  0.005615    0.0583        48      1024    0.8788    0.7891    0.8165    0.5428   0.04107   0.07962   0.01405
     42/99     10.8G   0.02569   0.02577  0.005469   0.05692        42      1024    0.8752    0.7999    0.8253    0.5554   0.03974   0.08233   0.01431
     43/99     10.8G   0.02573   0.02738  0.005329   0.05844       113      1024    0.8623    0.7919     0.834    0.5535   0.03991   0.08077   0.01434
     44/99     10.8G   0.02583   0.02554  0.005443   0.05682        36      1024    0.8747    0.7807    0.8204    0.5526    0.0406   0.07889   0.01396
     45/99     10.8G   0.02582   0.02546  0.005629   0.05691        80      1024    0.8946    0.7923    0.8525    0.5607   0.03827   0.08334   0.01354
     46/99     10.8G   0.02538   0.02577  0.005149    0.0563        72      1024    0.8702    0.7833    0.8406    0.5473   0.03915   0.08339   0.01371
     47/99     10.8G   0.02509   0.02508  0.004914   0.05508        81      1024    0.8956    0.7701    0.8414    0.5514   0.03844   0.08399   0.01371
     48/99     10.8G   0.02522   0.02595  0.005103   0.05627        47      1024    0.8873    0.8061    0.8514    0.5678   0.03889   0.08256   0.01352
     49/99     10.8G   0.02502   0.02569  0.004911   0.05563        86      1024    0.8798    0.8277    0.8445    0.5636   0.03939   0.08242   0.01364
     50/99     10.8G   0.02492   0.02494  0.004991   0.05484        72      1024    0.8842    0.8132    0.8451    0.5645   0.03848   0.08181   0.01341
     51/99     10.8G   0.02444   0.02406  0.004366   0.05287        48      1024    0.9023    0.8026    0.8562    0.5654    0.0387    0.0843   0.01317
     52/99     10.8G    0.0247   0.02557  0.005273   0.05554        65      1024     0.887     0.813    0.8532    0.5626   0.03822   0.08724   0.01315
     53/99     10.8G   0.02446   0.02485  0.004861   0.05417       101      1024    0.9072    0.7934    0.8567    0.5723   0.03845   0.08695   0.01285
     54/99     10.8G   0.02382   0.02494  0.004509   0.05327        56      1024    0.8932    0.7995    0.8479    0.5705   0.03781   0.08724   0.01263
     55/99     10.8G   0.02395   0.02471   0.00457   0.05324        66      1024    0.8863    0.8088    0.8423    0.5645   0.03863    0.0902   0.01299
     56/99     10.8G   0.02394   0.02463  0.004215   0.05279        56      1024    0.8512    0.8574    0.8618    0.5842   0.03855   0.08557   0.01275
     57/99     10.8G   0.02381   0.02365  0.004451   0.05192        67      1024    0.8223    0.8469    0.8549     0.575   0.03907   0.08804   0.01298
     58/99     10.8G   0.02391   0.02479  0.004482   0.05318        81      1024    0.8428    0.8627    0.8564     0.573   0.03914   0.08831   0.01283
     59/99     10.8G   0.02409   0.02418  0.004608   0.05288        63      1024    0.8581    0.8629    0.8651    0.5719   0.03887    0.0882   0.01243
     60/99     10.8G   0.02363   0.02473  0.004149   0.05251        96      1024    0.8787    0.8275      0.84    0.5699   0.03842   0.09009   0.01239
     61/99     10.8G   0.02312   0.02379  0.004189    0.0511        63      1024    0.9161    0.8126    0.8617    0.5759   0.03814   0.09029   0.01238
     62/99     10.8G   0.02345   0.02378  0.003852   0.05108       117      1024    0.8791    0.8106    0.8417    0.5727   0.03837    0.0911   0.01231
     63/99     10.8G    0.0228   0.02428  0.003916     0.051        54      1024    0.8829    0.8269    0.8662    0.5847   0.03806   0.09087   0.01222
     64/99     10.8G   0.02288   0.02362   0.00383   0.05033        65      1024    0.8748     0.853    0.8703    0.5911   0.03782   0.09331   0.01191
     65/99     10.8G   0.02312   0.02349  0.004305   0.05092       118      1024    0.8804    0.8513    0.8778    0.5973   0.03798   0.09262   0.01192
     66/99     10.8G   0.02251   0.02297  0.003943   0.04943        62      1024    0.8325    0.8494    0.8765    0.5821   0.03821    0.0916   0.01221
     67/99     10.8G   0.02263   0.02343  0.004309   0.05037        43      1024    0.8722    0.8515    0.8696    0.5855   0.03697   0.09429   0.01218
     68/99     10.8G   0.02224   0.02365   0.00362   0.04951        77      1024    0.8795    0.8455    0.8827    0.5915   0.03774   0.09455   0.01187
     69/99     10.8G   0.02251   0.02356  0.004078   0.05015        58      1024    0.8356    0.8701    0.8605    0.5777   0.03855   0.09266   0.01196
     70/99     10.8G    0.0226   0.02355  0.003913   0.05006        29      1024    0.8546    0.8564    0.8607    0.5901   0.03783   0.09534   0.01209
     71/99     10.8G   0.02217   0.02327  0.003935   0.04937        48      1024    0.8646    0.8346    0.8546    0.5798   0.03791   0.09435   0.01201
     72/99     10.8G   0.02201   0.02397  0.004231   0.05021        88      1024    0.8711     0.869     0.883    0.5899   0.03735   0.09464   0.01178
     73/99     10.8G   0.02179   0.02362   0.00374   0.04915        69      1024     0.871    0.8616    0.8745    0.5888   0.03673   0.09625   0.01167
     74/99     10.8G    0.0218   0.02338  0.004119   0.04929        74      1024    0.8358     0.862    0.8571    0.5758   0.03745   0.09689   0.01196
     75/99     10.8G   0.02171   0.02312  0.003649   0.04848        51      1024    0.8706    0.8667    0.8749    0.5971   0.03725   0.09546   0.01171
     76/99     10.8G   0.02196   0.02388  0.004045   0.04988        62      1024     0.857    0.8727    0.8882    0.5966    0.0373   0.09633   0.01181
     77/99     10.8G   0.02234   0.02284  0.004396   0.04958        24      1024    0.8634    0.8544    0.8825    0.5888   0.03725   0.09671   0.01173
     78/99     10.8G   0.02198   0.02373  0.003603   0.04931        24      1024    0.8912    0.8324    0.8748    0.5858   0.03696   0.09603   0.01157
     79/99     10.8G   0.02229   0.02344  0.004294   0.05002       100      1024    0.8731    0.8442    0.8714     0.583   0.03659    0.0965   0.01162
     80/99     8.77G   0.02153   0.02312  0.004252    0.0489        37      1024    0.8436    0.8798    0.8796    0.5906   0.03669   0.09703   0.01153
     81/99     8.67G   0.02132   0.02171   0.00354   0.04657        50      1024    0.8576    0.8752    0.8844    0.5944   0.03736   0.09766   0.01156
     82/99     10.7G   0.02113   0.02223  0.003614   0.04698        89      1024    0.8737    0.8699    0.8861    0.6015    0.0375   0.09874   0.01144
     83/99     10.7G   0.02108   0.02247  0.003728   0.04728        48      1024    0.8706    0.8526    0.8735    0.5906   0.03718    0.0978   0.01137
     84/99     10.7G   0.02081   0.02197  0.003595   0.04637        42      1024    0.8534    0.8695    0.8796    0.5924   0.03705   0.09862   0.01131
     85/99     10.8G   0.02091   0.02348  0.003443   0.04784       113      1024    0.8727    0.8703    0.8803    0.5929   0.03665   0.09712   0.01144
     86/99     10.8G   0.02101   0.02184   0.00353   0.04638        36      1024    0.8617    0.8744    0.8807    0.5878   0.03718   0.09783   0.01129
     87/99     10.9G   0.02075   0.02167  0.003787    0.0462        80      1024    0.8596    0.8666    0.8815     0.593   0.03715   0.09897   0.01116
     88/99     10.9G   0.02037   0.02172  0.003457   0.04556        72      1024    0.8502    0.8869    0.8909    0.6012    0.0375   0.09848   0.01118
     89/99     10.9G   0.02054   0.02146  0.003326   0.04533        81      1024      0.84    0.8466    0.8749    0.5941   0.03707   0.09964   0.01105
     90/99     10.9G   0.02043   0.02232  0.003433   0.04618        47      1024     0.861     0.858    0.8844    0.5899   0.03682    0.1002   0.01113
     91/99     10.9G   0.02003    0.0222  0.003367    0.0456        86      1024    0.8673    0.8857     0.897    0.5996   0.03725    0.1007   0.01105
     92/99     10.9G   0.02032   0.02157  0.003479   0.04537        72      1024    0.8714    0.8823    0.8956    0.6037   0.03737   0.09965   0.01107
     93/99     10.9G    0.0201   0.02104  0.003002   0.04413        48      1024    0.8527    0.8796    0.8922    0.6003   0.03713    0.1007   0.01105
     94/99     10.9G   0.02026   0.02232  0.003877   0.04646        65      1024    0.8267    0.8933    0.8824    0.5919   0.03697    0.1006   0.01103
     95/99     10.9G   0.02015   0.02187   0.00356   0.04558       101      1024    0.8466    0.8957    0.8892    0.6009   0.03657    0.1014   0.01101
     96/99     10.9G   0.01958   0.02181  0.003373   0.04477        56      1024    0.8736    0.8626    0.8969    0.6031   0.03678    0.1006   0.01105
     97/99     10.9G   0.01983   0.02148  0.003378   0.04468        66      1024    0.8568    0.8854    0.8972    0.6059   0.03706    0.1021   0.01105
     98/99     10.9G   0.01985   0.02167  0.003185   0.04471        56      1024    0.8298    0.8706    0.8856    0.5945   0.03696    0.1027   0.01114
     99/99     10.9G   0.01987    0.0206  0.003223   0.04369        67      1024    0.8517    0.8861    0.8931    0.5962   0.03731    0.1034   0.01111
