      0/99     8.77G   0.07395   0.04196   0.05111     0.167       116      1024 0.0003759  0.006328 2.452e-05 7.261e-06    0.1017   0.06977   0.05315
      1/99     8.93G   0.06431   0.03309    0.0452    0.1426        37      1024    0.2683   0.02243  0.009147  0.002196   0.08725   0.07248   0.04883
      2/99       11G   0.05791   0.03239   0.03926    0.1296        83      1024    0.1328    0.1579   0.03801   0.01179   0.07999   0.06801   0.04518
      3/99       11G   0.05662   0.02899   0.03787    0.1235        59      1024     0.568    0.0762   0.05812   0.01883   0.08847   0.05361   0.04274
      4/99       11G   0.05946   0.02762   0.03743    0.1245        32      1024    0.3479    0.1266   0.05342   0.01762   0.09306   0.04955   0.04194
      5/99       11G   0.05565   0.02833    0.0371    0.1211        44      1024    0.5088    0.1409   0.06652   0.01922   0.08687   0.04753   0.04032
      6/99       11G   0.05463   0.03149   0.03402    0.1201        73      1024    0.4552    0.1664    0.0861    0.0291   0.07751   0.06183   0.03855
      7/99     11.1G   0.05127   0.03184   0.03329    0.1164        57      1024    0.6924    0.1672    0.1185   0.03389   0.07426   0.05499   0.03732
      8/99     11.1G   0.05565   0.02897   0.03357    0.1182        60      1024    0.7621    0.1395    0.1265    0.0464   0.08092   0.05001   0.03581
      9/99     11.1G   0.05116   0.02602   0.03117    0.1084        52      1024    0.8911    0.1329     0.159   0.06332   0.07259   0.05529   0.03395
     10/99     11.1G   0.04712   0.03033   0.02993    0.1074        54      1024    0.6379    0.2077    0.1485   0.06247   0.06591    0.0555   0.03344
     11/99     11.1G   0.04243   0.03048   0.02849    0.1014       126      1024    0.6439    0.2237       0.2   0.09528   0.06043   0.05604   0.03175
     12/99     11.1G   0.03978    0.0319   0.02647   0.09816       118      1024    0.6683    0.3067    0.2352    0.1239   0.05328   0.05581   0.03036
     13/99     11.1G   0.03906   0.03119   0.02588   0.09613        49      1024    0.7595    0.2247    0.2502    0.1251   0.05476   0.05218   0.02918
     14/99     11.1G   0.03803   0.03159   0.02366   0.09328        83      1024     0.704    0.3058    0.2834    0.1505   0.05058   0.05613   0.02821
     15/99     11.1G   0.03648   0.03131    0.0224   0.09018       104      1024    0.8294    0.2658    0.2993    0.1629   0.05012   0.05839   0.02683
     16/99     11.1G   0.03609   0.03304   0.02215   0.09128        77      1024    0.8152    0.2766    0.3185    0.1708   0.04746   0.05716   0.02638
     17/99     11.1G   0.03532   0.03311   0.02046   0.08889        92      1024    0.7031    0.3775    0.3278    0.1808   0.04559   0.05976   0.02534
     18/99     11.1G   0.03389   0.03253   0.01921   0.08563        72      1024    0.7319    0.3919    0.3597    0.2032   0.04557   0.05901   0.02438
     19/99     11.1G   0.03465   0.03039   0.01781   0.08285       104      1024    0.7354     0.394    0.3671     0.211     0.045   0.06043   0.02352
     20/99     11.1G   0.03504    0.0312   0.01792   0.08417        94      1024    0.7561    0.3788    0.3691    0.2081   0.04471   0.05998   0.02346
     21/99     11.1G   0.03327   0.03322   0.01645   0.08294        49      1024    0.8557    0.3504    0.3877    0.2113   0.04396   0.05987     0.023
     22/99     11.1G   0.03311   0.03096   0.01633   0.08039        47      1024    0.7528    0.3903    0.3895    0.2207   0.04449   0.05858   0.02219
     23/99     11.1G     0.033   0.03063   0.01548   0.07911        89      1024    0.7732    0.3923     0.406    0.2327   0.04348   0.06393   0.02196
     24/99     11.1G    0.0341   0.03097   0.01457   0.07964        49      1024    0.7843    0.3923    0.4107    0.2368   0.04225   0.06453   0.02161
     25/99     11.1G   0.03368   0.02934   0.01535   0.07837        91      1024      0.76    0.4172    0.4142     0.237     0.042   0.06238   0.02167
     26/99     11.1G    0.0326   0.02956   0.01487   0.07703        70      1024    0.7678    0.4139     0.416    0.2486   0.04254   0.06393    0.0209
     27/99     11.1G   0.03153   0.02849   0.01314   0.07316        63      1024    0.7557    0.4083    0.4215     0.245   0.04207   0.06212   0.02045
     28/99     11.1G   0.03224    0.0305   0.01427   0.07701        80      1024    0.7758    0.4386    0.4298    0.2442   0.04227   0.06876   0.02053
     29/99     11.1G   0.03287   0.03139   0.01459   0.07884        75      1024    0.7577    0.4533    0.4458    0.2658   0.04094   0.06672   0.01995
     30/99     11.1G   0.03226   0.02842   0.01287   0.07356        93      1024    0.7909    0.4392    0.4547    0.2637   0.04099   0.06695   0.01969
     31/99     11.1G   0.03189    0.0306   0.01231    0.0748       113      1024    0.6718     0.512    0.4581     0.272   0.04075   0.06728   0.01957
     32/99     11.1G   0.03185   0.03054   0.01262   0.07502       141      1024    0.7844    0.4815    0.4822    0.2836   0.04106   0.06712   0.01933
     33/99     11.1G   0.03142    0.0293     0.012   0.07272        87      1024    0.7001    0.5804    0.4997    0.2896   0.04013   0.06796   0.01927
     34/99     11.1G   0.03192   0.02936   0.01234   0.07362        59      1024    0.7554    0.5565    0.5128    0.3132   0.03948   0.06764   0.01885
     35/99     11.1G   0.03098   0.03023   0.01267   0.07388        80      1024    0.8119    0.5114    0.5383    0.3363   0.03928   0.07113   0.01868
     36/99     11.1G   0.03213   0.02856   0.01214   0.07282        68      1024    0.7861    0.5187    0.5452    0.3428   0.03922   0.07041   0.01866
     37/99     11.1G   0.03094   0.02736   0.01143   0.06973        79      1024    0.8216    0.4848     0.546    0.3346   0.03995   0.07295   0.01828
     38/99     11.1G   0.03132   0.02817     0.011   0.07049        38      1024    0.8969    0.4743    0.5721    0.3579   0.03935   0.06881    0.0181
     39/99     11.1G   0.03103   0.02878   0.01108   0.07089        20      1024    0.8862    0.4982    0.5681    0.3544    0.0388   0.07033   0.01769
     40/99     11.1G   0.03075   0.02853   0.01047   0.06976        68      1024    0.8523    0.5251    0.5728    0.3631   0.03979   0.07183   0.01772
     41/99     11.1G   0.03053   0.02881   0.01048   0.06982        91      1024    0.7823    0.5602    0.5883    0.3724   0.03967   0.06948   0.01744
     42/99     11.1G   0.02996   0.02662   0.01081   0.06738        39      1024    0.8586    0.5292    0.6274    0.3923   0.04074   0.07333   0.01747
     43/99     11.1G   0.03063   0.02852   0.01099   0.07013        74      1024    0.7957     0.583    0.6185    0.3874   0.03864   0.07495   0.01734
     44/99     11.1G   0.03023   0.03022  0.009805   0.07025        89      1024    0.8505    0.5612    0.6314    0.3969   0.03777   0.07088   0.01715
     45/99     11.1G   0.02958   0.03013   0.00977   0.06948        60      1024    0.8523      0.56    0.6464    0.4161   0.03818   0.07104   0.01706
     46/99     11.1G   0.03052   0.02839    0.0112   0.07012        54      1024    0.7897    0.6012    0.6551    0.4179   0.03791   0.07586   0.01752
     47/99     11.1G   0.02987   0.02792  0.009878   0.06767        80      1024    0.8126       0.6    0.6709    0.4199   0.03748   0.07333   0.01746
     48/99     11.1G   0.02945    0.0275  0.008898   0.06584       115      1024    0.7223    0.6738    0.7016    0.4505   0.03816   0.07279   0.01718
     49/99     11.1G   0.03063   0.02983   0.01073    0.0712       135      1024    0.7769    0.6569    0.7014    0.4542   0.03807    0.0765     0.017
     50/99     11.1G   0.02894   0.02833   0.00872   0.06599        47      1024    0.7987    0.6304    0.6908    0.4399    0.0376   0.07427   0.01706
     51/99     11.1G   0.02914   0.02805  0.008576   0.06577        59      1024    0.7639    0.6666    0.6923    0.4378   0.03851   0.07525   0.01663
     52/99     11.1G   0.03001   0.02683  0.008723   0.06556        14      1024    0.8439    0.6564    0.7089    0.4662     0.038   0.07686   0.01625
     53/99     11.1G    0.0297   0.02796  0.009163   0.06682        93      1024    0.8747    0.6415    0.7406     0.468    0.0384   0.07639   0.01596
     54/99     11.1G   0.02912   0.02729  0.009425   0.06583       110      1024    0.8699    0.6413    0.7534    0.4949   0.03737    0.0761   0.01593
     55/99     11.1G   0.02837   0.02818  0.008809   0.06537       153      1024    0.9013    0.6314    0.7472    0.4901   0.03761   0.07643   0.01565
     56/99     11.1G   0.02913   0.02793  0.008621   0.06568        37      1024    0.8885    0.6401    0.7368     0.494    0.0367   0.07953   0.01565
     57/99     11.1G   0.02832   0.02604  0.007895   0.06225        98      1024    0.7799    0.7149    0.7424    0.4849    0.0374   0.07698   0.01559
     58/99     11.1G   0.02874   0.02783  0.008566   0.06514        56      1024    0.8574     0.691    0.7621    0.5019   0.03631   0.07924   0.01566
     59/99     11.1G   0.02834   0.02653  0.007642   0.06251        76      1024     0.803    0.7278    0.7679    0.5162   0.03631   0.07809   0.01537
     60/99     11.1G   0.02788   0.02748  0.008238   0.06359       134      1024    0.7847    0.7102    0.7422    0.4951   0.03691   0.07782   0.01548
     61/99     11.1G   0.02814   0.02702  0.007414   0.06257        67      1024    0.8232    0.7111    0.7719    0.5041   0.03655   0.07861   0.01532
     62/99     11.1G   0.02826   0.02674  0.007782   0.06278        43      1024    0.8271    0.7139    0.7638    0.5047   0.03723   0.08187   0.01505
     63/99     11.1G   0.02839   0.02792  0.008187   0.06449        33      1024    0.7424    0.7776    0.7742    0.5059   0.03682   0.08038   0.01497
     64/99     11.1G   0.02793   0.02705  0.007933   0.06291        74      1024    0.7649    0.7803    0.7787    0.5204   0.03662    0.0781   0.01488
     65/99     11.1G   0.02845   0.02714  0.008248   0.06384        36      1024    0.7951    0.7572    0.7794    0.5246   0.03719   0.08212   0.01491
     66/99     11.1G   0.02743   0.02841  0.007934   0.06378       110      1024    0.7574    0.7574    0.7669    0.5173   0.03615   0.07989   0.01488
     67/99     11.1G   0.02744   0.02596  0.007432   0.06083        60      1024    0.7871    0.7704     0.783    0.5257   0.03609   0.07992   0.01493
     68/99     11.1G   0.02724   0.02841  0.008011   0.06366        74      1024    0.8344    0.7305    0.7684    0.5124   0.03645   0.08208   0.01492
     69/99     11.1G   0.02811   0.02693  0.007763   0.06281       109      1024    0.7756    0.7687      0.76    0.5069    0.0361   0.08147   0.01487
     70/99     11.1G   0.02737   0.02734  0.007101   0.06181        76      1024    0.8153    0.7571    0.7741    0.5231    0.0362   0.07933   0.01464
     71/99     11.1G   0.02644   0.02761  0.007003   0.06106        96      1024    0.8238    0.7473    0.7798    0.5317   0.03613   0.08084    0.0145
     72/99     8.77G   0.02875   0.02606  0.008861   0.06367       116      1024     0.816    0.7383    0.7742    0.5191     0.037   0.08304   0.01456
     73/99     8.66G   0.02717   0.02615  0.007996   0.06131        37      1024    0.8501    0.7377    0.7932     0.543   0.03633   0.07998   0.01439
     74/99     10.7G   0.02717   0.02581  0.006713   0.05969        83      1024    0.8022    0.7754    0.7948    0.5419   0.03658   0.08006   0.01432
     75/99     10.7G   0.02689   0.02489  0.006567   0.05834        59      1024    0.8187    0.7566    0.7969    0.5476   0.03606   0.08098    0.0143
     76/99     10.7G   0.02691   0.02643  0.006729   0.06007        32      1024    0.8305    0.7539    0.8001    0.5477   0.03596   0.08062   0.01435
     77/99     10.8G   0.02702   0.02612   0.00774   0.06088        44      1024    0.7859    0.7831    0.7982    0.5472   0.03622   0.08315   0.01424
     78/99     10.8G   0.02702   0.02624  0.007317   0.06058        73      1024    0.8145     0.778    0.8022    0.5484   0.03668   0.08251   0.01419
     79/99     10.8G   0.02624   0.02666  0.007412   0.06031        57      1024     0.798    0.7942    0.8047    0.5502   0.03601   0.08267   0.01399
     80/99     10.8G    0.0259   0.02737  0.006875   0.06014        60      1024    0.8317    0.7657    0.8075    0.5493   0.03619   0.08191   0.01412
     81/99     10.8G   0.02736    0.0244  0.007087   0.05885        52      1024    0.8394    0.7677    0.8105    0.5509   0.03605   0.08494   0.01406
     82/99     10.8G   0.02718   0.02726  0.007531   0.06198        54      1024    0.8469     0.779    0.8077    0.5544   0.03563   0.08297   0.01409
     83/99     10.8G   0.02714   0.02627  0.007223   0.06063       126      1024    0.8479    0.7793    0.8041      0.55   0.03564   0.08376    0.0142
     84/99     10.8G    0.0263   0.02616  0.006708   0.05918       118      1024    0.8671    0.7611    0.8138    0.5654    0.0355   0.08353   0.01417
     85/99     10.8G   0.02632   0.02537  0.007327   0.05902        49      1024    0.8671    0.7494    0.8109    0.5599   0.03564   0.08279   0.01415
     86/99     10.8G   0.02622   0.02536   0.00684   0.05842        83      1024    0.8594    0.7572    0.8195     0.563   0.03545   0.08299   0.01403
     87/99     10.8G   0.02622    0.0254  0.006643   0.05826       104      1024    0.8745    0.7544    0.8259    0.5669   0.03541   0.08473   0.01395
     88/99     10.8G   0.02572   0.02649  0.007056   0.05927        77      1024    0.8799     0.774    0.8303    0.5735   0.03523   0.08313   0.01386
     89/99     10.8G   0.02543   0.02636  0.006486   0.05827        92      1024    0.8899    0.7694    0.8275     0.572   0.03508   0.08231    0.0138
     90/99     10.8G    0.0259   0.02598  0.006552   0.05843        72      1024    0.9035     0.761      0.82    0.5686   0.03548   0.08497   0.01369
     91/99     10.8G   0.02568   0.02503  0.006537   0.05725       104      1024    0.8939    0.7622    0.8236    0.5755   0.03535   0.08483   0.01374
     92/99     10.8G   0.02632   0.02607   0.00784   0.06023        94      1024    0.8809    0.7701    0.8267    0.5739    0.0355   0.08468   0.01372
     93/99     10.8G   0.02457    0.0264  0.005576   0.05655        49      1024    0.8864    0.7657    0.8272    0.5765   0.03536   0.08271   0.01377
     94/99     10.8G   0.02544    0.0262  0.006732   0.05837        47      1024    0.8659    0.7831    0.8255    0.5688   0.03538   0.08505   0.01371
     95/99     10.8G     0.025   0.02574  0.006656    0.0574        89      1024    0.8856    0.7682    0.8257    0.5711   0.03534   0.08468    0.0137
     96/99     10.8G   0.02606    0.0258  0.006471   0.05833        49      1024      0.88    0.7722    0.8232    0.5707   0.03558   0.08623   0.01365
     97/99     10.8G   0.02584    0.0252  0.007778   0.05882        91      1024     0.873    0.7804    0.8284    0.5727   0.03543   0.08615   0.01369
     98/99     10.8G   0.02499   0.02507  0.007281   0.05734        70      1024    0.8784    0.7774    0.8255    0.5701   0.03536   0.08493   0.01375
     99/99     10.8G   0.02494   0.02379  0.005947   0.05467        63      1024    0.8965    0.7707    0.8248    0.5691   0.03556    0.0853   0.01383
