      0/99     1.38G   0.07455   0.04381    0.0493    0.1677        32      1024    0.5738  0.007454  0.003878 0.0006779   0.09559   0.06823   0.05072
      1/99     8.67G   0.05949   0.03586   0.04114    0.1365        22      1024    0.1809   0.08148   0.02993  0.008325    0.0877   0.06355   0.04603
      2/99     10.7G   0.05872   0.03346   0.03909    0.1313        64      1024    0.2469    0.1319   0.03859   0.01213   0.07923   0.06011   0.04354
      3/99     10.7G   0.05586   0.03706   0.03603     0.129        71      1024    0.7313    0.1233   0.09205   0.02946   0.07586   0.05882   0.04103
      4/99     10.7G    0.0556   0.03252   0.03401    0.1221        40      1024    0.6632    0.1405   0.09786   0.03494   0.07614   0.05849   0.03964
      5/99     10.8G   0.05386   0.03543   0.03126    0.1205        18      1024    0.9047   0.09893    0.1577   0.05543   0.06564   0.06215   0.03781
      6/99     10.8G   0.04445    0.0376   0.02774    0.1098        50      1024    0.8733    0.1888    0.1935   0.08323   0.06004   0.06129   0.03507
      7/99     10.8G   0.04091    0.0378   0.02426     0.103         3      1024     0.913    0.1911    0.2384    0.1189    0.0543   0.06281   0.03305
      8/99     10.8G   0.03685   0.03659   0.02211   0.09556        39      1024    0.7176     0.309    0.2661    0.1375   0.05198   0.06575   0.03117
      9/99     10.8G   0.03449   0.03779   0.01976   0.09204        28      1024    0.7381    0.3282     0.301     0.165   0.04843   0.06385   0.03051
     10/99     10.8G   0.03408   0.03634   0.01811   0.08853        41      1024    0.7835    0.3446    0.3359    0.1848   0.04952   0.06343   0.02994
     11/99     10.8G   0.03344   0.03678   0.01656   0.08678       102      1024    0.7877    0.3649    0.3733    0.2111   0.04958   0.06462   0.02887
     12/99     10.8G   0.03292   0.03498   0.01533   0.08323        28      1024    0.8957    0.3428    0.4029    0.2339   0.04938   0.06592   0.02849
     13/99     10.8G   0.03343   0.03629   0.01406   0.08378        19      1024    0.8828    0.3502    0.4054    0.2319   0.04991   0.06743   0.02825
     14/99     10.8G   0.03161   0.03508   0.01255   0.07924        65      1024    0.8712    0.3732    0.4335    0.2553   0.04953    0.0677   0.02765
     15/99     10.8G   0.03129   0.03422    0.0121   0.07761        92      1024    0.8622    0.3898    0.4322    0.2595   0.04967   0.06734   0.02676
     16/99     10.8G   0.03079   0.03346   0.01134   0.07559        18      1024    0.7915    0.4084    0.4699    0.2859   0.04954   0.06965   0.02651
     17/99     10.8G   0.03181   0.03358   0.01151   0.07689        85      1024    0.7682    0.4624    0.4946     0.296    0.0492   0.07075   0.02613
     18/99     10.8G   0.03231   0.03373   0.01061   0.07665        21      1024    0.8013     0.477    0.5051    0.3093   0.04935   0.07039   0.02636
     19/99     10.8G   0.03079   0.03439  0.009921    0.0751        19      1024      0.83    0.4803     0.552    0.3438    0.0492   0.07098   0.02545
     20/99     10.8G   0.03042   0.03295    0.0099   0.07328        44      1024    0.8165    0.5091    0.5584    0.3506   0.05039   0.07245   0.02567
     21/99     10.8G   0.03055   0.03281  0.009033   0.07239        47      1024    0.8606    0.5007    0.5656    0.3577   0.04946   0.07277   0.02455
     22/99     10.8G   0.03049   0.03155  0.009358    0.0714        15      1024    0.8676    0.5246    0.6057    0.3816   0.04848    0.0759   0.02416
     23/99     10.8G   0.02916   0.03154  0.008522   0.06922        35      1024    0.8839    0.5153    0.5786    0.3665   0.04805   0.07418   0.02397
     24/99     10.8G   0.02979   0.03231  0.008354   0.07045        30      1024     0.886    0.5377    0.6025    0.3748   0.04749   0.07469   0.02332
     25/99     10.8G   0.02943   0.03229  0.008139   0.06986        67      1024    0.8157    0.5764    0.6343    0.4109   0.04888   0.07545   0.02325
     26/99     10.8G   0.02984   0.03219  0.008191   0.07022        12      1024    0.6652    0.6777    0.6689    0.4391    0.0486   0.07729   0.02306
     27/99     10.8G   0.02976   0.03145  0.008378   0.06959        30      1024    0.7026    0.6926     0.688    0.4511   0.05064   0.07871   0.02207
     28/99     10.8G   0.02905   0.03114  0.007623   0.06782        23      1024    0.7504    0.7001    0.7224    0.4705   0.05012   0.07519   0.02189
     29/99      1.6G   0.02912   0.03067  0.007201     0.067        32      1024    0.8037    0.6487    0.7017    0.4557    0.0489   0.07644   0.02204
     30/99     8.54G   0.02805   0.03018  0.007169   0.06539        22      1024    0.8674    0.6415    0.7118    0.4695   0.05062   0.07587   0.02162
     31/99     10.6G   0.02885   0.03053   0.00738   0.06677        64      1024    0.8538    0.6882    0.7135     0.471   0.05073   0.07845   0.02117
     32/99     10.6G   0.02895   0.03097  0.007252   0.06717        71      1024    0.7847    0.7206    0.7279    0.4807   0.05073   0.07624   0.02138
     33/99     10.6G   0.02809   0.03067   0.00704    0.0658        40      1024    0.8641    0.6952    0.7626    0.5105   0.05006   0.07624   0.02134
     34/99     10.6G   0.02834   0.03041  0.006779   0.06554        18      1024    0.8557     0.721    0.7662    0.5129   0.04965   0.07699   0.02088
     35/99     10.6G   0.02809    0.0308  0.006755   0.06565        50      1024    0.8319    0.7407    0.7731      0.51   0.04928   0.07799   0.02073
     36/99     10.7G   0.02792   0.02981  0.005875    0.0636         3      1024    0.8706      0.74    0.7818    0.5285    0.0493   0.07744   0.02046
     37/99     10.7G   0.02786   0.02879  0.006345   0.06299        39      1024    0.8186    0.7573     0.779    0.5197   0.04901   0.08082    0.0201
     38/99     10.7G   0.02758   0.02969  0.006047   0.06332        28      1024    0.8409     0.755    0.7773    0.5228   0.05074   0.07803   0.01987
     39/99     10.7G   0.02718   0.02876   0.00584   0.06178        41      1024    0.8715    0.7618    0.7975    0.5358   0.05103   0.07915   0.02013
     40/99     10.7G   0.02753   0.02975  0.005857   0.06314       102      1024    0.8818    0.7527    0.7849    0.5245   0.05021   0.07894   0.01986
     41/99     10.7G   0.02746   0.02889  0.006136   0.06248        28      1024    0.8317    0.7813    0.7879    0.5335   0.04995   0.07942   0.01961
     42/99     10.7G   0.02646   0.02999  0.005781   0.06224        19      1024      0.87    0.7781    0.7838     0.532   0.04916   0.08255   0.01951
     43/99     10.7G   0.02622   0.02902  0.004979   0.06022        65      1024    0.8669    0.7738    0.7859     0.526   0.04891   0.08031   0.01926
     44/99     10.7G   0.02586    0.0287  0.004928   0.05949        92      1024    0.8745    0.7694    0.7935    0.5218   0.04902   0.08127   0.01928
     45/99     10.7G   0.02642   0.02843  0.005205   0.06006        18      1024     0.887    0.7699    0.7984    0.5303   0.04904   0.08372   0.01901
     46/99     10.7G   0.02657    0.0289  0.006068   0.06154        85      1024    0.8769    0.7657    0.7964    0.5318    0.0487   0.08279   0.01906
     47/99     10.7G   0.02636   0.02921  0.005377   0.06095        21      1024    0.8958    0.7791    0.8074     0.546   0.04894   0.08302   0.01923
     48/99     10.7G    0.0256   0.02986  0.005004   0.06046        19      1024    0.8792     0.772    0.7954    0.5373   0.04883   0.08348   0.01874
     49/99     10.7G   0.02559   0.02884  0.005289   0.05972        44      1024    0.8971    0.7728    0.7931    0.5332   0.04872   0.08309   0.01891
     50/99     10.7G   0.02517    0.0289   0.00497   0.05904        47      1024    0.8849    0.7862    0.7986    0.5373   0.04949   0.08316   0.01916
     51/99     10.7G   0.02488   0.02833  0.005537   0.05874        15      1024     0.874    0.7985    0.8109    0.5431   0.04889   0.08502   0.01873
     52/99     10.7G    0.0249   0.02785   0.00455    0.0573        35      1024    0.8923    0.7688    0.8008    0.5417   0.04857   0.08335   0.01873
     53/99     10.7G   0.02458   0.02877  0.004608   0.05795        30      1024    0.8911    0.7833    0.8074    0.5455   0.04794   0.08412   0.01838
     54/99     10.7G   0.02455   0.02894  0.004876   0.05837        67      1024    0.8746     0.785    0.8134    0.5543   0.04809   0.08339   0.01856
     55/99     10.7G   0.02457   0.02946  0.005161   0.05919        12      1024     0.888    0.7745    0.8181    0.5507   0.04762    0.0838   0.01853
     56/99     10.7G   0.02431   0.02905  0.005245    0.0586        30      1024    0.9032    0.7661    0.8174    0.5547    0.0478   0.08754   0.01832
     57/99     10.7G   0.02389   0.02823  0.004646   0.05676        23      1024       0.9    0.7699    0.8256    0.5637   0.04705   0.08523   0.01823
     58/99     10.7G   0.02451   0.02825  0.004816   0.05757        61      1024    0.8914    0.7724     0.832    0.5641   0.04774    0.0839   0.01817
     59/99     10.7G   0.02412   0.02815  0.004349   0.05661        37      1024    0.8783    0.7738    0.8277    0.5654    0.0469   0.08631   0.01845
     60/99     10.7G   0.02388   0.02844  0.004755   0.05708        27      1024    0.7923    0.8294     0.819     0.552   0.04706    0.0859   0.01808
     61/99     10.7G   0.02454   0.02875  0.005145   0.05843        15      1024    0.8041    0.8364    0.8347    0.5646   0.04775   0.08467   0.01786
     62/99     10.7G   0.02353   0.02841  0.004777   0.05671         2      1024    0.8379    0.8352    0.8497    0.5722   0.04833   0.08318   0.01776
     63/99     10.7G   0.02345   0.02778  0.004335   0.05556        26      1024    0.8223    0.8345     0.841    0.5658   0.04747   0.08517   0.01787
     64/99     10.7G   0.02364   0.02733  0.003959   0.05493        25      1024    0.7932    0.8487    0.8405     0.566   0.04758   0.08445   0.01781
     65/99     10.7G   0.02358   0.02712  0.004706   0.05541        42      1024    0.8452    0.8385    0.8549    0.5724   0.04797   0.08666    0.0177
     66/99     10.7G   0.02315   0.02723  0.004255   0.05464        22      1024    0.8444    0.8403    0.8512    0.5749   0.04732   0.08728   0.01753
     67/99     10.7G   0.02275   0.02786  0.004499   0.05511        71      1024    0.8659    0.8193    0.8524     0.577   0.04767   0.08417   0.01767
     68/99     10.7G   0.02365   0.02856  0.004378   0.05659        32      1024     0.861     0.824     0.841    0.5624   0.04791   0.08604   0.01768
     69/99     10.7G   0.02316   0.02716  0.004894   0.05521        25      1024    0.8581    0.8168    0.8392      0.56    0.0476   0.08453   0.01776
     70/99     10.7G   0.02257    0.0279  0.004228    0.0547        75      1024    0.8353    0.8533    0.8621     0.576    0.0468   0.08558   0.01743
     71/99     10.7G   0.02276   0.02693  0.004458   0.05414        26      1024    0.8777    0.8192    0.8482    0.5739   0.04717   0.08737   0.01743
     72/99     10.7G   0.02257   0.02771  0.004739   0.05502        73      1024    0.8683    0.8132     0.851     0.577   0.04802   0.08694   0.01757
     73/99     10.7G   0.02257   0.02725  0.004148   0.05397        39      1024    0.8314    0.8574    0.8661    0.5671   0.04776    0.0862   0.01752
     74/99     10.7G   0.02281   0.02685  0.004137    0.0538        91      1024    0.8443    0.8481    0.8587    0.5832   0.04729   0.08554    0.0175
     75/99     10.7G   0.02239   0.02836  0.004312   0.05506        81      1024    0.8441    0.8406    0.8619     0.578   0.04748   0.08677   0.01739
     76/99     10.7G   0.02219   0.02787  0.003624   0.05368       121      1024    0.8763     0.806    0.8436    0.5721   0.04767   0.08648   0.01745
     77/99     10.7G   0.02182   0.02669  0.003824   0.05234        19      1024     0.896    0.7919    0.8415    0.5641   0.04675   0.08615   0.01738
     78/99     10.7G   0.02191   0.02791  0.004201   0.05401        55      1024    0.8855    0.7954    0.8355    0.5629   0.04729   0.08644   0.01753
     79/99     10.7G   0.02161   0.02665  0.003704   0.05196        30      1024    0.8923     0.792    0.8382    0.5638   0.04727   0.08621   0.01747
     80/99     10.7G   0.02165   0.02817  0.004059   0.05387        23      1024    0.8939     0.791    0.8415    0.5673   0.04697     0.086   0.01739
     81/99     10.7G   0.02165   0.02735  0.003926   0.05292        13      1024    0.8235    0.8422    0.8426    0.5611   0.04722   0.08715   0.01738
     82/99     10.7G   0.02171   0.02823  0.004329   0.05427       116      1024    0.8475    0.8282    0.8411    0.5647   0.04747   0.08632   0.01749
     83/99     10.7G   0.02142   0.02672  0.003914   0.05205        57      1024    0.9054    0.7856    0.8344    0.5644   0.04695   0.08593   0.01744
     84/99     10.7G   0.02131   0.02706  0.004065   0.05244        40      1024    0.9009    0.7895    0.8412    0.5714   0.04643   0.08619   0.01725
     85/99     1.85G   0.02112   0.02654  0.003626   0.05129        32      1024    0.9046    0.7876     0.847    0.5704   0.04707   0.08833   0.01721
     86/99     8.96G   0.02066   0.02626  0.003675   0.05059        22      1024    0.9009    0.7864    0.8326    0.5572   0.04729   0.08834   0.01724
     87/99       11G   0.02125   0.02674  0.004166   0.05216        64      1024    0.9006    0.7913    0.8442    0.5656   0.04693   0.08742    0.0172
     88/99     11.1G   0.02086   0.02687  0.003947   0.05168        71      1024    0.9036    0.7897    0.8478    0.5731   0.04689   0.09013   0.01717
     89/99     11.1G   0.02083   0.02709   0.00401   0.05193        40      1024     0.841    0.8206    0.8438    0.5711   0.04716   0.08946   0.01719
     90/99     11.1G   0.02085   0.02641  0.003805   0.05106        18      1024    0.8505    0.8198    0.8469    0.5751   0.04734    0.0874    0.0172
     91/99     11.1G    0.0204   0.02727   0.00397   0.05164        50      1024     0.849     0.819    0.8378    0.5684   0.04722   0.08922   0.01713
     92/99     11.1G   0.02036   0.02567  0.003347   0.04938         3      1024    0.8972     0.794    0.8441    0.5728   0.04702   0.08815   0.01713
     93/99     11.1G   0.02046   0.02535  0.003738   0.04954        39      1024    0.8885    0.7979    0.8402    0.5701    0.0474   0.09073   0.01729
     94/99     11.1G   0.02056   0.02604  0.003574   0.05018        28      1024    0.8974    0.8012    0.8417    0.5733   0.04693    0.0885   0.01715
     95/99     11.1G   0.02022   0.02494  0.003415   0.04857        41      1024    0.8966     0.805    0.8472    0.5748   0.04719   0.08928   0.01712
     96/99     11.1G   0.02027   0.02635   0.00378   0.05039       102      1024    0.9085    0.7949    0.8443    0.5728   0.04747   0.09089   0.01708
     97/99     11.1G   0.02027   0.02621  0.004164   0.05064        28      1024    0.9013    0.7975    0.8427    0.5705    0.0473   0.09033   0.01705
     98/99     11.1G   0.01986   0.02648  0.003694   0.05004        19      1024    0.9147    0.7912    0.8424    0.5665   0.04711   0.08999   0.01716
     99/99     11.1G   0.01956   0.02577   0.00321   0.04854        65      1024    0.8958    0.8004    0.8315    0.5605   0.04718   0.09081   0.01713
