      0/99     8.68G   0.07373   0.04172   0.05141    0.1669       116      1024  0.000776  0.002268 4.057e-05 5.576e-06    0.1023   0.06792   0.05371
      1/99     8.65G   0.06472    0.0335   0.04599    0.1442        37      1024  0.006677   0.04912  0.004896  0.001317   0.09166   0.07183   0.04971
      2/99     10.7G   0.05866    0.0325   0.04041    0.1316        83      1024   0.09251    0.1229   0.03857    0.0119   0.08216   0.06626   0.04565
      3/99     10.8G   0.05463   0.02995   0.03777    0.1224        59      1024    0.4335    0.1067   0.06796   0.02604   0.07437   0.06297   0.04315
      4/99     10.8G    0.0558   0.02972   0.03672    0.1222        32      1024    0.3238    0.1324   0.07878   0.02731   0.07592   0.06218   0.04127
      5/99     10.8G   0.05337   0.02849   0.03552    0.1174        44      1024    0.5384     0.164   0.08827   0.02921   0.07862   0.05922   0.03962
      6/99     10.8G   0.05335   0.02876   0.03347    0.1156        73      1024    0.7901    0.1271    0.1157   0.03827   0.07686   0.05557   0.03847
      7/99     10.8G   0.05176    0.0292   0.03211    0.1131        57      1024    0.7259     0.139   0.09804   0.03322   0.09084   0.04657    0.0377
      8/99     10.8G   0.05511    0.0277   0.03267    0.1155        60      1024    0.7411    0.1319    0.1168     0.038   0.09391   0.04339   0.03661
      9/99     10.8G   0.05206    0.0238    0.0305    0.1064        52      1024    0.6408    0.2126     0.152    0.0562   0.08826   0.04459   0.03608
     10/99     10.8G   0.04724    0.0288   0.03024    0.1063        54      1024    0.6941      0.21    0.1832    0.0793   0.08558   0.04387   0.03525
     11/99     10.8G   0.04283   0.02841   0.02825    0.0995       126      1024    0.6822    0.2433    0.2281    0.1117   0.07631    0.0459    0.0344
     12/99     10.8G   0.04044   0.02939   0.02633   0.09616       118      1024    0.8012    0.2383    0.2589    0.1361   0.07489   0.04497   0.03324
     13/99     10.8G   0.03711   0.02948   0.02541   0.09199        49      1024    0.8255    0.2518    0.2861    0.1513   0.07157   0.04335   0.03231
     14/99     10.8G   0.03739   0.02941   0.02294   0.08973        83      1024    0.8089    0.2484    0.2992    0.1602   0.07171   0.04569   0.03146
     15/99     10.8G   0.03553    0.0291   0.02201   0.08664       104      1024    0.7269    0.3159    0.3119    0.1729   0.07162   0.04621   0.03057
     16/99     10.8G   0.03559   0.03029   0.02191   0.08779        77      1024    0.6911    0.3683    0.3275    0.1812   0.06956   0.04648   0.02982
     17/99     10.8G   0.03484   0.03041   0.02024   0.08549        92      1024    0.7144    0.3635    0.3439    0.1981   0.06819   0.04771    0.0291
     18/99     10.8G   0.03369    0.0298   0.01921   0.08271        72      1024    0.7213    0.3812    0.3726    0.2125   0.06775   0.04752   0.02867
     19/99     10.8G   0.03452   0.02803   0.01776   0.08031       104      1024    0.7541    0.3421    0.3805     0.227    0.0672   0.04874   0.02825
     20/99     10.8G   0.03463    0.0289    0.0182   0.08173        94      1024    0.8412     0.339    0.3706    0.2156   0.06714   0.04797   0.02778
     21/99     10.8G   0.03243   0.03004    0.0171   0.07958        49      1024     0.766    0.3734    0.4048    0.2414   0.06686   0.04815   0.02733
     22/99     10.8G   0.03316   0.02847   0.01691   0.07854        47      1024    0.7087    0.4481    0.4307    0.2504   0.06707   0.04739   0.02694
     23/99     10.8G   0.03197   0.02833   0.01587   0.07617        89      1024    0.8541    0.3438    0.4238    0.2534   0.06763   0.04934   0.02656
     24/99     10.8G   0.03361   0.02866   0.01543    0.0777        49      1024    0.7756    0.3995     0.438    0.2657   0.06682   0.05047   0.02634
     25/99     10.8G   0.03296   0.02718   0.01584   0.07597        91      1024    0.8733    0.3651    0.4553    0.2765   0.06611   0.04884   0.02598
     26/99     10.8G   0.03279   0.02713   0.01566   0.07558        70      1024    0.7273    0.4537    0.4708    0.2848   0.06683   0.04972   0.02595
     27/99     10.8G   0.03142   0.02596   0.01432   0.07171        63      1024    0.7928     0.442     0.485    0.2946   0.06726   0.04791   0.02547
     28/99     10.8G   0.03201   0.02776   0.01495   0.07472        80      1024    0.8111    0.4395    0.5105    0.3136    0.0676   0.05064   0.02513
     29/99     10.8G   0.03242   0.02891   0.01498    0.0763        75      1024    0.8153    0.4606     0.516    0.3128   0.06638   0.05025   0.02473
     30/99     10.8G   0.03169   0.02634   0.01349   0.07151        93      1024    0.8073    0.4834    0.5378    0.3347    0.0667   0.04864   0.02446
     31/99     10.8G   0.03195   0.02793   0.01277   0.07265       113      1024    0.7835    0.4907    0.5604    0.3484   0.06704   0.05124   0.02404
     32/99     10.8G    0.0314   0.02793   0.01257    0.0719       141      1024    0.5813    0.6468    0.5924    0.3731   0.06603   0.05054   0.02374
     33/99     10.8G   0.03036   0.02673   0.01196   0.06905        87      1024    0.5103    0.6918    0.6096    0.3885   0.06594   0.05086   0.02356
     34/99     10.8G   0.03098   0.02646   0.01212   0.06956        59      1024    0.7243    0.6073    0.6201    0.3972   0.06631   0.04979   0.02316
     35/99     10.8G   0.03117   0.02746    0.0123   0.07093        80      1024    0.7438    0.6052    0.6373    0.4117   0.06481   0.05361   0.02297
     36/99     10.8G   0.03224   0.02594   0.01181   0.06998        68      1024    0.6818    0.6481    0.6431    0.4154   0.06404   0.05608   0.02266
     37/99     10.8G   0.03079   0.02517   0.01123   0.06718        79      1024    0.7428    0.6121    0.6367    0.4128   0.06552   0.05576   0.02255
     38/99     10.8G   0.03134   0.02572   0.01094     0.068        38      1024    0.7992    0.5818    0.6299    0.4009   0.06441   0.05278   0.02251
     39/99     10.8G   0.03096   0.02634    0.0109    0.0682        20      1024    0.8217    0.5884    0.6574    0.4258   0.06308   0.05455   0.02216
     40/99     10.8G   0.03107   0.02588   0.01034   0.06729        68      1024     0.723    0.6736    0.6654    0.4341   0.06317   0.05681   0.02208
     41/99     10.8G    0.0305   0.02634    0.0103   0.06714        91      1024    0.7581    0.6493    0.6945    0.4512   0.06265   0.05635   0.02173
     42/99     10.8G   0.03025   0.02467   0.01066   0.06558        39      1024     0.779    0.6518    0.7019     0.462   0.06356   0.05757   0.02184
     43/99     10.8G   0.03096   0.02634   0.01083   0.06813        74      1024    0.7592    0.6694     0.711    0.4699   0.06217   0.05859   0.02131
     44/99     10.8G   0.03047   0.02762  0.009689   0.06778        89      1024    0.7804    0.6614    0.6978    0.4554   0.06189     0.055   0.02119
     45/99     10.8G    0.0298   0.02755  0.009597   0.06695        60      1024    0.7208    0.6939    0.6925    0.4484   0.06169   0.05643    0.0209
     46/99     10.8G    0.0299   0.02638   0.01098   0.06727        54      1024    0.8258    0.6455     0.714     0.461   0.06144   0.05915   0.02142
     47/99     10.8G   0.02919   0.02581  0.009591   0.06459        80      1024    0.7009    0.6885    0.7051    0.4563   0.06159   0.05761   0.02123
     48/99     10.8G   0.02913   0.02508  0.008621   0.06283       115      1024     0.754    0.7011    0.7298    0.4638   0.06267   0.05469   0.02099
     49/99     10.8G   0.03029    0.0272   0.01056   0.06805       135      1024    0.8463    0.6595    0.7188    0.4702   0.06179   0.05866    0.0209
     50/99     10.8G    0.0288   0.02597  0.008614   0.06339        47      1024    0.8261    0.6784    0.7202    0.4677   0.06114   0.05609   0.02079
     51/99     10.8G   0.02858   0.02591  0.008484   0.06298        59      1024     0.824    0.7021    0.7308    0.4636   0.06197    0.0569   0.02088
     52/99     10.8G   0.02981   0.02473   0.00846     0.063        14      1024    0.8289    0.7104    0.7214    0.4729    0.0615   0.05811   0.02087
     53/99     10.8G   0.02985   0.02556    0.0089   0.06431        93      1024    0.8826    0.6959    0.7509     0.481   0.06191   0.05818   0.02059
     54/99     10.8G   0.02896   0.02518  0.009022   0.06316       110      1024    0.7867    0.7532    0.7679    0.5103   0.06159   0.05771   0.02053
     55/99      8.9G   0.03027   0.02493   0.00997   0.06517       116      1024     0.747    0.7724    0.7757    0.5019   0.06193   0.06058   0.02041
     56/99     8.65G   0.02846   0.02522  0.008887   0.06257        37      1024    0.7873    0.7695     0.781    0.5279     0.061   0.05753   0.02034
     57/99     10.7G   0.02847   0.02487  0.007454    0.0608        83      1024    0.7838     0.782    0.7859    0.5277   0.06123    0.0573   0.02027
     58/99     10.7G   0.02802   0.02382  0.007818   0.05966        59      1024    0.8546    0.7473     0.775    0.5204   0.06132   0.05757   0.02021
     59/99     10.7G   0.02851   0.02517  0.007453   0.06113        32      1024    0.8728    0.7445    0.7723    0.5173   0.06173   0.05631      0.02
     60/99     10.7G    0.0285   0.02502  0.008883    0.0624        44      1024    0.8576    0.7523     0.792    0.5164   0.06216   0.05734    0.0198
     61/99     10.8G   0.02876   0.02505  0.008237   0.06204        73      1024     0.831    0.7531    0.7869    0.5161   0.06217   0.05763   0.01986
     62/99     10.8G   0.02735   0.02547  0.008078   0.06089        57      1024    0.8709    0.7617    0.7867    0.5321   0.06157   0.05768    0.0197
     63/99     10.8G   0.02731   0.02605  0.007534    0.0609        60      1024    0.8709    0.7648    0.7907    0.5348   0.06174   0.05778   0.01963
     64/99     10.8G   0.02859   0.02305   0.00768   0.05932        52      1024    0.8715    0.7628     0.795      0.54   0.06122   0.05917   0.01965
     65/99     10.8G   0.02863   0.02563  0.008109   0.06237        54      1024    0.8883    0.7527    0.7931    0.5372   0.06073   0.05686   0.01967
     66/99     10.8G   0.02831   0.02487  0.007669   0.06085       126      1024     0.839    0.7696    0.7915    0.5328   0.06078   0.05973   0.01962
     67/99     10.8G   0.02737   0.02468  0.007464   0.05951       118      1024    0.8561    0.7794    0.8028    0.5429   0.06065   0.05895   0.01951
     68/99     10.8G   0.02763   0.02399  0.007892   0.05951        49      1024     0.878    0.7756    0.8054    0.5434   0.06074   0.05786   0.01944
     69/99     10.8G   0.02754   0.02402  0.007169   0.05873        83      1024    0.8677    0.7777    0.8033    0.5393   0.06071   0.05846   0.01926
     70/99     10.8G   0.02724   0.02401   0.00695    0.0582       104      1024    0.9078    0.7652    0.8043    0.5362   0.06056   0.05984   0.01932
     71/99     10.8G   0.02671   0.02496  0.007448   0.05911        77      1024    0.8777    0.7781     0.807    0.5562   0.05983   0.05724   0.01919
     72/99     10.8G   0.02645   0.02498  0.006827   0.05825        92      1024     0.887    0.7815    0.8128    0.5531   0.06018   0.05847   0.01915
     73/99     10.8G   0.02674    0.0244  0.006997   0.05814        72      1024    0.8477    0.7989    0.8056    0.5429    0.0608   0.05945   0.01922
     74/99     10.8G   0.02685   0.02362   0.00672    0.0572       104      1024    0.8948    0.7734    0.8014    0.5409   0.05987    0.0595   0.01931
     75/99     10.8G    0.0272   0.02463  0.007936   0.05976        94      1024    0.8955    0.7768      0.81    0.5478   0.05996   0.05924   0.01921
     76/99     10.8G   0.02536   0.02502  0.005987   0.05637        49      1024      0.89    0.7922    0.8138    0.5502   0.06032   0.05725   0.01919
     77/99     10.8G   0.02619   0.02438  0.007018   0.05759        47      1024    0.9017    0.7843    0.8141    0.5465   0.06064   0.05854   0.01921
     78/99     10.8G   0.02551   0.02422  0.006747   0.05648        89      1024    0.8892    0.7963    0.8147    0.5537   0.06029   0.05942   0.01921
     79/99     10.8G   0.02675   0.02432  0.006802   0.05788        49      1024    0.9018    0.7873    0.8157    0.5516   0.06011   0.05976    0.0192
     80/99     10.8G     0.027    0.0236  0.007844   0.05844        91      1024    0.8871    0.7917    0.8187    0.5462   0.06016   0.05868   0.01919
     81/99     10.8G   0.02626   0.02347  0.007323   0.05705        70      1024    0.8854    0.7937    0.8219    0.5478   0.06007   0.05932   0.01925
     82/99     10.8G   0.02586   0.02255  0.006138   0.05454        63      1024     0.892    0.7891    0.8214    0.5461   0.05998   0.05982   0.01918
     83/99     10.8G   0.02584   0.02448  0.007283   0.05759        80      1024    0.8889    0.7941    0.8141    0.5506   0.06024   0.05987   0.01908
     84/99     10.8G   0.02639   0.02507  0.007203   0.05867        75      1024    0.9129    0.7635    0.8155    0.5516    0.0598   0.05908   0.01897
     85/99     10.8G   0.02583   0.02335  0.006553   0.05574        93      1024    0.8945    0.7886    0.8165    0.5441    0.0598   0.05987   0.01903
     86/99     10.8G   0.02573   0.02505   0.00603   0.05681       113      1024    0.9008    0.7858    0.8174    0.5564   0.05987   0.05954   0.01902
     87/99     10.8G   0.02514   0.02444  0.006071   0.05566       141      1024    0.8945    0.7935    0.8245    0.5702   0.05984   0.05875   0.01902
     88/99     10.8G   0.02484   0.02364  0.005897   0.05438        87      1024    0.8872    0.7962    0.8233    0.5663   0.06008    0.0598    0.0191
     89/99     10.8G   0.02582   0.02313  0.006405   0.05536        59      1024    0.8979    0.7867    0.8223    0.5645   0.05968   0.05973   0.01908
     90/99     10.8G   0.02577   0.02435  0.007221   0.05734        80      1024    0.9032    0.7825    0.8186    0.5565    0.0598   0.05996     0.019
     91/99     10.8G   0.02591   0.02345  0.006566   0.05593        68      1024    0.8904    0.7899    0.8247     0.556   0.05987   0.06159   0.01899
     92/99     10.8G   0.02514   0.02261  0.006174   0.05392        79      1024    0.9052     0.784    0.8232    0.5551   0.05963   0.06028   0.01896
     93/99     10.8G   0.02513   0.02295   0.00569   0.05377        38      1024    0.8965    0.7934    0.8166    0.5557   0.05977   0.05848   0.01896
     94/99     10.8G   0.02575   0.02391  0.006373   0.05603        20      1024    0.8895    0.8001    0.8154    0.5608   0.05996   0.05937     0.019
     95/99     10.8G   0.02499   0.02336   0.00601   0.05436        68      1024    0.8914    0.7927    0.8187    0.5532   0.06019   0.06029   0.01902
     96/99     10.8G   0.02484   0.02378  0.006099   0.05472        91      1024    0.9052    0.7877     0.818    0.5568   0.05994   0.06038   0.01895
     97/99     10.8G   0.02491   0.02235  0.006574   0.05383        39      1024    0.9046    0.7878    0.8262    0.5614      0.06   0.06044   0.01897
     98/99     10.8G   0.02585   0.02402  0.007296   0.05716        74      1024    0.9093    0.7734    0.8256    0.5552   0.05984   0.06139   0.01895
     99/99     10.8G   0.02487   0.02489  0.006023   0.05578        89      1024    0.8991    0.7867    0.8262    0.5597    0.0596   0.05968   0.01887
